843
100
104
90
83
108
98
87
109
90
95
98
91
98
92
98
93
109
98
99
100
94
77
97
100
98
107
101
99
100
99
97
100
97
107
101
105
89
88
109
101
108
103
92
100
92
101
108
86
104
106
93
96
91
99
92
101
106
93
101
95
110
86
98
102
112
90
93
101
90
92
98
98
109
107
94
98
96
102
90
100
90
91
110
76
102
99
104
102
89
98
93
92
90
94
106
97
98
105
92
98
95
101
88
93
90
100
108
100
99
101
98
89
104
109
90
79
100
103
97
93
105
103
109
91
87
99
90
97
102
89
101
105
95
98
99
106
89
99
98
99
91
93
92
99
99
107
108
104
92
111
107
94
107
101
115
96
101
89
99
89
106
92
111
102
96
113
107
91
88
102
103
105
99
96
93
100
91
90
100
110
107
88
89
108
96
102
102
108
99
99
112
96
103
103
107
94
80
97
107
86
108
100
103
87
113
97
104
92
112
109
102
88
96
99
105
106
117
106
96
101
93
104
96
100
86
102
87
100
98
107
99
100
100
109
103
80
103
89
93
105
98
98
104
107
93
100
94
104
103
96
92
115
108
100
97
107
100
94
97
97
109
97
100
91
101
99
104
111
106
101
103
99
104
101
103
98
101
93
97
102
97
91
100
96
87
95
110
95
114
92
87
97
107
103
89
100
113
92
99
100
106
109
94
95
103
100
91
102
105
102
98
102
105
102
104
102
94
100
95
101
112
90
97
115
106
104
103
109
90
91
97
118
102
98
104
107
96
102
79
99
98
94
83
96
112
103
90
101
106
88
106
94
106
111
102
97
98
105
98
104
109
92
102
96
98
115
86
100
92
94
96
95
96
91
92
97
103
89
109
103
89
95
109
95
97
105
108
96
96
95
106
106
103
105
98
118
103
89
95
98
97
107
97
103
98
109
91
90
97
95
98
95
113
101
90
110
92
88
92
93
96
107
104
96
86
90
106
105
100
95
94
102
100
106
92
105
94
98
97
91
118
96
117
99
96
103
103
103
103
87
84
97
91
107
86
96
105
107
106
84
105
92
99
111
93
101
80
102
111
86
91
92
110
95
92
93
93
107
100
99
112
93
100
104
95
112
104
88
101
101
104
104
101
97
115
101
98
103
90
113
106
101
97
94
105
106
103
96
104
106
98
107
89
118
92
92
103
89
105
99
83
90
110
110
104
91
98
93
102
94
91
95
100
94
90
97
85
107
80
105
100
101
98
105
101
90
90
91
95
95
99
95
103
102
96
98
96
104
101
91
101
89
101
104
99
94
93
93
102
113
108
101
88
99
92
109
86
105
96
104
113
94
102
104
103
115
97
100
105
100
96
109
88
103
88
104
94
93
103
101
98
104
109
105
96
93
105
102
97
94
108
98
95
97
111
97
94
97
89
96
96
100
104
106
86
89
89
92
96
100
95
116
94
86
93
89
94
94
95
100
98
103
95
102
102
97
84
95
89
93
89
97
94
110
93
110
106
105
100
99
108
88
90
92
107
89
99
84
92
93
99
97
103
112
90
104
92
105
87
107
102
95
104
98
93
93
100
92
93
90
103
108
99
108
83
101
99
98
101
93
104
102
97
100
99
99
100
102
101
99
92
105
96
94
111
107
97
104
89
93
94
91
101
97
92
96
107
99
97
87
105
93
102
99
96
102
97
102
93
101
104
89
103
95
108
92
106
93
101
95
90
88
107
100
93
102
103
100
95
96
102
100
101
92
102
104
100
97
100
115
104
95
97
97
98
94
101
106
93
97
103
110
107
84
99
101
102
98
110
111
95
96
108
83
108
93
97
93
103
101
96
99
97
97
99
86
99
101
111
101
109
95
96
82
98
101
101
106
99
94
101
107
93
105
103
93
81
97
100
106
103
104
104
94
97
96
98
97
102
93
113
108
100
